
68.4
63.5
61.1
59.3
58.2
57.2
55.8
55.5
54.3
53.3
52.8
52.3
52.4
55.1
57.6
59.8
61.8
63.6
65.2
66.7
68.1
69.4
70.6
71.7
72.7
73.7
74.6
75.5
76.2
74.8
75.5
76.2
76.9
77.5
78.1
78.7
79.2
79.7
80.2
80.7
81.1
81.6
82.0
82.4
82.8
83.1
83.5
83.8
84.2
84.5
84.8
85.1
85.3
85.6
85.9
86.1
86.4
86.6
86.9
87.1
87.3
87.5
87.7
87.9
88.1
88.3
88.5
88.7
88.8
89.0
89.2
89.3
89.5
89.6
89.8
89.9
90.1
90.2
90.3
90.5
90.6
90.7
90.8
91.0
91.1
91.2
91.3
91.4
91.5
91.6
91.7
91.8
91.9
92.0
92.1
92.2
91.4
91.5
91.6
91.7
91.8
91.9
92.0
92.0
92.1
92.2
92.3
92.4
92.4
92.5
92.6
92.7
92.7
92.8
92.9
93.0
93.0
93.1
93.2
93.2
93.3
93.4
93.4
93.5
93.5
93.6
93.7
93.7
93.8
93.8
93.9
93.9
94.0
94.0
94.1
94.1
94.2
94.2
94.3
94.3
94.4
94.4
94.5
94.5
94.6
94.6
94.7
94.7
94.8
94.8
94.8
94.9
94.9
95.0
95.0
95.0
95.1
95.1
95.2
95.2
95.2
