
61.1
59.8
58.9
58.0
57.2
57.5
56.7
56.0
55.4
54.8
54.3
56.9
59.2
61.3
63.2
64.9
63.8
65.3
66.7
68.0
69.2
70.3
71.3
72.3
73.3
74.1
74.9
75.7
76.4
77.1
77.8
78.4
79.0
79.5
80.1
80.6
81.1
81.6
82.0
82.4
82.8
83.3
83.6
84.0
84.3
84.7
85.0
85.3
85.6
85.9
86.2
86.5
86.7
85.6
85.9
86.1
86.4
86.6
86.8
87.1
87.3
87.5
87.7
87.9
88.1
88.3
88.5
88.7
88.8
89.0
89.2
89.4
89.5
89.7
89.8
90.0
90.1
90.3
90.4
90.5
90.7
90.8
90.9
91.1
91.2
91.3
91.4
91.5
91.6
91.7
90.9
91.1
91.2
91.3
91.4
91.5
91.6
91.7
91.8
91.9
92.0
92.1
92.2
92.3
92.4
92.4
92.5
92.6
92.7
92.8
92.9
92.9
93.0
93.1
93.2
93.2
93.3
93.4
93.5
93.5
93.6
93.7
93.7
93.8
93.9
93.9
94.0
94.1
93.4
93.5
93.6
93.6
93.7
93.8
93.8
93.9
93.9
94.0
94.1
94.1
94.2
94.2
94.3
94.3
94.4
94.4
94.5
94.5
94.6
94.6
94.7
94.7
94.8
94.8
94.9
94.9
95.0
95.0
95.1
95.1
95.1
95.2
95.2
