
61.5
59.3
57.7
56.5
55.4
55.3
54.3
53.4
52.6
48.8
48.3
50.8
53.4
55.8
57.9
59.8
61.6
63.3
64.8
66.2
67.5
68.7
69.9
70.9
71.9
72.8
73.7
74.5
75.3
76.1
76.7
77.4
78.1
78.6
79.2
79.7
80.3
80.8
81.2
81.7
82.1
82.5
83.0
83.3
83.7
84.1
82.9
83.2
83.6
83.9
84.2
84.5
84.8
85.1
85.4
85.6
85.9
86.2
86.4
86.6
86.9
87.1
87.3
87.5
87.7
87.9
88.1
88.3
88.5
88.7
88.9
89.0
89.2
89.4
89.5
89.7
89.8
90.0
90.1
90.3
90.4
90.5
90.7
90.8
90.0
90.1
90.2
90.4
90.5
90.6
90.7
90.8
91.0
91.1
91.2
91.3
91.4
91.5
91.6
91.7
91.8
91.9
92.0
92.1
92.2
92.3
92.4
92.5
92.5
92.6
92.7
92.8
92.9
93.0
93.0
93.1
93.2
93.3
93.3
93.4
93.5
92.8
92.9
93.0
93.0
93.1
93.2
93.3
93.3
93.4
93.5
93.5
93.6
93.6
93.7
93.8
93.8
93.9
94.0
94.0
94.1
94.1
94.2
94.2
94.3
94.3
94.4
94.4
94.5
94.5
94.6
94.6
94.7
94.7
94.8
94.8
94.9
94.9
95.0
94.5
94.5
