
89.6
74.5
65.4
59.5
56.0
53.8
52.5
52.2
51.9
48.0
47.7
47.5
47.3
47.0
48.6
51.3
53.9
56.1
58.2
60.1
61.8
63.4
64.8
66.2
67.5
68.6
69.7
70.8
71.7
72.6
73.5
74.3
75.0
75.7
76.4
77.1
77.7
78.3
78.8
79.3
79.8
80.3
80.8
81.2
81.6
82.0
82.4
82.8
83.2
83.5
83.8
84.2
84.5
84.8
85.0
85.3
85.6
85.9
86.1
86.3
86.6
86.8
87.0
87.2
87.5
86.4
86.6
86.8
87.0
87.2
87.4
87.6
87.8
87.9
88.1
88.3
88.4
88.6
88.7
88.9
89.0
89.2
89.3
89.5
89.6
89.7
89.8
90.0
90.1
90.2
90.3
90.5
90.6
90.7
90.8
90.9
91.0
91.1
91.2
91.3
91.4
91.5
91.6
91.7
91.7
91.8
91.9
92.0
92.1
92.2
92.2
92.3
92.4
92.5
92.6
92.6
92.7
92.8
92.8
92.9
93.0
93.0
93.1
93.2
93.2
93.3
93.3
93.4
93.5
93.5
93.6
93.6
93.7
93.1
93.1
93.2
93.3
93.3
93.4
93.4
93.5
93.5
93.6
93.6
93.7
93.7
93.8
93.8
93.9
93.9
94.0
94.0
94.1
94.1
94.2
94.2
94.3
94.3
94.3
94.4
94.4
94.5
94.5
94.6
