
53.1
49.4
46.8
45.6
45.1
44.6
41.2
40.9
40.6
40.6
40.6
42.1
45.2
48.0
50.6
52.9
55.0
57.0
58.7
60.4
61.9
63.3
64.6
65.9
67.0
68.1
69.1
70.0
70.9
71.8
72.6
73.3
74.1
74.8
75.4
76.0
76.6
77.2
77.7
78.2
78.7
79.2
79.6
80.1
80.5
80.9
81.3
81.7
82.0
82.4
82.7
83.0
83.3
83.6
83.9
84.2
84.5
84.7
85.0
85.3
85.5
85.7
86.0
86.2
86.4
86.6
86.8
87.0
87.2
87.4
87.6
86.6
86.8
87.0
87.2
87.3
87.5
87.7
87.8
88.0
88.1
88.3
88.4
88.6
88.7
88.8
89.0
89.1
89.2
89.4
89.5
89.6
89.7
89.8
90.0
90.1
90.2
90.3
90.4
90.5
90.6
90.7
90.8
90.9
91.0
91.1
91.2
91.3
91.3
91.4
91.5
91.6
91.7
91.8
91.8
91.9
92.0
92.1
92.1
92.2
92.3
92.4
92.4
92.5
92.6
92.6
92.7
92.8
92.8
92.9
92.9
93.0
93.1
93.1
93.2
93.2
93.3
93.4
93.4
92.8
92.9
92.9
93.0
93.0
93.1
93.2
93.2
93.3
93.3
93.4
93.4
93.5
93.5
93.6
93.6
93.7
93.7
93.8
93.8
93.8
