
73.0
69.1
66.1
64.1
63.2
62.5
58.0
57.3
56.8
56.4
56.3
56.0
58.0
60.2
62.3
64.2
65.9
67.4
68.8
70.2
71.4
72.5
73.5
74.5
75.4
76.2
77.0
77.8
78.5
79.1
79.8
80.3
80.9
81.4
81.9
82.4
82.9
83.3
83.7
84.1
84.5
84.8
85.2
85.5
85.9
86.1
86.4
86.7
87.0
87.3
87.5
87.8
88.0
88.2
88.5
88.6
88.8
89.0
89.2
89.4
89.6
88.5
88.6
88.8
89.0
89.2
89.3
89.5
89.7
89.8
90.0
90.1
90.3
90.4
90.5
90.7
90.8
90.9
91.0
91.2
91.3
91.4
91.5
91.6
91.7
91.8
91.9
92.0
92.1
92.2
92.3
92.4
92.5
92.6
92.7
92.8
92.9
92.9
93.0
93.1
93.2
93.2
93.3
93.4
93.5
93.5
93.6
93.7
93.7
93.8
93.9
93.9
94.0
94.1
94.1
94.2
94.2
94.3
94.4
94.4
94.5
94.5
94.6
94.6
94.7
94.7
94.8
94.8
94.9
94.9
94.3
94.3
94.4
94.4
94.5
94.5
94.6
94.6
94.7
94.7
94.8
94.8
94.9
94.9
94.9
95.0
95.0
95.1
95.1
95.1
95.2
95.2
95.3
95.3
95.3
95.4
95.4
95.4
95.5
95.5
95.5
95.6
95.6
95.6
