
3836668
4297880
4297880
4299992
4302272
4302444
4302464
4302464
4302464
4302464
4302528
4302528
4302528
4302592
4302720
4302816
4305008
4307056
4307056
4307056
4307056
4307056
4307056
4307056
4307056
4307056
4298632
4298632
4298632
4298632
4298632
4298632
4298632
4298632
4298632
4298632
4298632
4298632
4298632
4298632
4298632
4298632
4298632
4298632
4298632
4298632
4298632
4298632
4298632
4298632
4298632
4298632
4298632
4298632
4298632
4298632
4298632
4298632
4298632
4298632
4298632
4298632
4298632
4298632
4298632
4298632
4298632
4298632
4298632
4298632
4298632
4298632
4298632
4298632
4298632
4298632
4298632
4298632
4298632
4298632
4298632
4298632
4298632
4298632
4298632
4298632
4298632
4298632
4298632
4298632
4298632
4298632
4298632
4298632
4298632
4298632
4298632
4298632
4298632
4298632
4298632
4298632
4298632
4298632
4298632
4298632
4298632
4298632
4298632
4298632
4298632
4298632
4298632
4298632
4298632
4298632
4298632
4298632
4298632
4298632
4298632
4298632
4298632
4298632
4298632
4298632
4298632
4298632
4298632
4298632
4298632
4298632
4298632
4298632
4298632
4298632
4298632
4298632
4298632
4298632
4298632
4298632
4298632
4298632
4298632
4298632
4298632
4298632
4298632
4298632
4298632
4298632
4298632
4298632
4298632
4298632
4298632
4298632
4298632
4298632
4298632
4298632
4298632
4298632
4298632
4298632
4298632
4298632
4298632
4298632
4298632
4298632
4298632
4298632
4298632
4298632
4298632
4298632
4298632
4298632
4298632
4298632
4298632
4298632
