
4169268
4182660
4182872
4182972
4182972
4183072
4182988
4182056
4182308
4182056
4182056
4182056
4182056
4182056
4182056
4182056
4182056
4182056
4182056
4182056
4182056
4182056
4182056
4182056
4182056
4182056
4182056
4182056
4182056
4182056
4182056
4182056
4182056
4182056
4182056
4182056
4182056
4182056
4182056
4182056
4182056
4182056
4182056
4182056
4182056
4182056
4182056
4182060
4182060
4182060
4182080
4182080
4182080
4182080
4182080
4182080
4182084
4182084
4182084
4182084
4182156
4182156
4182156
4182156
4182176
4182176
4182184
4182184
4182188
4182188
4182188
4182188
4182188
4182212
4182212
4182212
4182236
4182236
4182236
4182240
4182240
4182256
4182316
4182412
4182432
4182452
4182472
4182496
4182504
4182504
4182540
4182596
4182660
4182660
4182684
4182732
4182744
4182744
4182744
4182748
4182748
4182764
4182764
4182764
4182764
4182768
4182768
4182768
4182768
4182768
4182768
4182768
4182768
4182772
4182772
4182772
4182776
4182776
4182776
4182776
4182776
4182776
4182776
4182776
4182776
4182776
4182776
4182776
4182776
4182776
4182776
4182776
4182776
4182796
4182796
4182796
4182796
4182796
4182796
4182796
4182796
4182796
4182796
4182796
4182796
4182796
4182796
4182796
4182796
4182796
4182796
4182796
4182796
4182796
4182796
4182796
4182796
4182796
4182796
4182796
4182796
4182796
4182796
4182796
4182796
4182796
4182796
4182796
4182796
4182796
4182796
4182796
4182796
4182796
4182796
4182796
4182796
4182796
4182796
4182796
4182796
4182796
4182796
4182796
4182796
4182796
4182796
4182796
4182796
4182796
4182796
4182796
4182796
4182796
4182796
4182820
4182820
4182820
4182820
4182820
4182820
4182820
4182820
4182820
4182820
4182820
4182820
4182820
4182820
4182820
4182820
4182820
4182860
4182860
4182860
4182860
4182860
4182860
4182860
4182860
4182860
4182860
4182860
4182860
4182860
4182860
4182860
4182860
4182860
4182860
4182860
4182860
4182860
4182860
4182860
4182860
4182860
4182860
4182860
4182860
4182860
4182860
4182860
4182860
4182860
4182860
4182860
4182860
4182860
4182860
4182860
4182860
4182860
4182860
4182860
4182860
4182860
4182860
4182860
4182860
4182860
4182860
4182860
4182860
4182860
4182860
4182860
4182924
4182924
4182924
4182924
4182924
4182924
4182924
4182924
4182988
4183052
4183052
4183052
4183052
4183052
4183052
4183052
4183052
4183052
4183052
4183052
4183052
4183076
4183076
4183076
4183076
4183076
4183076
4183076
4183076
4183076
4183076
4183076
4183076
4183076
4183076
4183076
4183076
4183076
4183076
4183076
4183076
4183076
4183076
4183076
4183076
4183076
4183076
4183076
4183076
4183076
4183076
4183076
4183076
4183076
4183076
4183076
4183076
4183076
4183076
4183076
4183076
4183076
4183076
4183076
4183076
4183076
4183076
4183076
4183076
4183076
4183076
4183076
4183076
4183076
4183076
4183140
4183140
4183140
4183140
4183140
4183140
4183140
4183140
4183140
4183140
4183140
4183140
4183140
4183140
4183140
4183140
4183140
4183140
4183140
4183140
4183140
4183140
4183140
4183140
4183140
4183140
4183140
4183140
4183140
4183140
4183140
4183140
4183140
4183140
4183140
4183140
4183140
4183140
4183140
4183140
4183140
4183140
4183140
4183140
4183140
4183140
4183140
4183140
4183140
4183140
4183140
4183140
4183140
4183140
4183140
4183140
4183140
4183140
4183140
4183140
4183140
4183140
4183140
4183140
4183140
4183140
4183140
4183140
4183140
4183140
4183140
4183140
4183140
4183140
4183140
4183140
4183140
4183140
4183140
4183140
4183140
4183140
4183140
4183140
4183140
4183140
4183140
4183140
4183140
4183140
4183140
4183140
4183140
4183140
4183140
4183140
4183140
4183140
4183140
4183140
4183140
4183140
4183140
4183140
4183140
4183140
4183140
4183140
4183140
4183140
4183140
4183140
4183140
4183140
4183140
4183140
4183140
4183140
4183140
4183140
4183140
4183140
4183140
4183140
4183140
4183140
4183140
4183140
4183140
4183140
4183140
4183140
4183140
4183140
4183140
4183140
4183140
4183140
4183140
4183140
4183140
4183140
4183140
4183140
4183140
4183140
4183140
4183140
4183140
4183140
4183140
4183140
4183140
4183140
4183140
4183140
4183140
4183140
4183140
4183140
4183140
4183140
4183140
4183140
4183140
4183140
4183140
4183140
4183140
4183140
4183140
4183140
4183140
4183140
4183140
4183140
4183140
4183140
4183140
4183140
4183140
4183140
4183140
4183140
4183140
4183140
4183140
4183140
4183140
4183140
4183140
4183140
4183140
4183140
4183140
4183140
4183140
4183140
4183140
4183140
4183140
4183140
4183140
4183140
4183140
4183140
4183140
4183140
4183140
4183140
4183140
4183140
4183140
4183140
4183140
4183140
4183140
4183140
4183140
4183140
4183140
4183140
4183140
4183140
4183140
4183140
4183140
4183140
4183140
4183140
4183140
4183140
4183140
4183140
4183140
4183140
4183140
4183140
4183140
4183140
4183140
4183140
4183140
4183140
4183140
4183140
4183140
4183140
4183140
4183140
4183140
4183140
4183140
4183140
4183140
4183140
4183140
4183140
4183140
4183140
4183140
4183140
4183140
4183140
4183140
4183140
4183140
4183140
4183140
4183140
4183140
4183140
4183140
4183140
4183140
4183140
4183140
4183140
4183140
4183140
4183140
4183140
4183140
4183140
4183140
4183140
4183140
4183140
4183140
4183140
4183140
4183140
4183140
4183140
4183140
4183140
4183140
4183140
4183140
4183140
4183140
4183140
4183140
4183140
4183140
4183140
4183140
4183140
4183140
4183140
4183140
4183140
4183140
4183140
4183140
4183140
4183140
4183140
4183140
4183140
4183140
4183140
4183140
4183140
4183140
4183140
4183140
4183140
4183140
4183140
4183140
4183140
4183140
4183140
4183140
4183140
4183140
4183140
4183140
4183140
4183140
4183140
4183140
4183140
4183140
4183140
4183140
4183140
4183140
4183140
4183140
4183140
4183140
4183140
4183140
4183140
4183140
4183140
4183140
4183140
4183140
4183140
4183140
4183140
4183140
4183140
4183640
4183640
4183640
4183640
4183640
4183640
4183640
4183640
4183640
4183640
4183760
4183760
4183760
4183760
4183760
4183760
4183760
4183760
4183760
4183760
4183760
4183760
4183760
4183760
4183760
4183760
4183760
4183760
4183760
4183760
4183760
4183760
4183760
4183760
4183760
4183760
4183760
4183760
4183760
4183760
4183760
4183760
4183760
4183760
4183760
4183760
4183760
4183760
4183760
4183760
4183760
4183760
4183760
4183760
4183760
4183760
4183760
4183760
4183760
4183760
4183760
4183760
4183760
4183760
4183760
4183760
4183760
4183760
4183760
4183760
4183760
4183760
4183760
4183760
4183760
4183760
4183760
4183760
4183760
4183760
4183760
4183760
4183760
4183760
4183760
4183760
4183760
4183760
4183760
4183760
4183760
4183760
4183760
4183760
4183760
4183760
4183760
4183760
4183760
4183760
4183760
4183760
4183760
4183760
4183760
4183760
4183760
4183760
4183760
4183760
4183760
4183760
4183760
4183760
4183760
4183760
4183760
4183760
4183760
4183760
4183760
4183760
4183760
