
3561552
3516356
3338896
3305672
3333068
3363480
3393252
3421864
3446804
3479860
3463932
3489684
3503096
3460700
3490216
3513152
3496608
3527388
3507500
3519796
3536932
3541364
3542992
3530424
3553936
3487064
3511272
3539424
3551148
3491868
3525500
3532048
3560868
3555184
3549400
3466964
3501788
3516288
3524984
3508068
3538040
3467352
3494092
3520584
3529484
3492764
3522920
3525236
3557416
3560476
3545676
3513660
3547380
3528152
3510916
3545044
3543124
3565824
3569752
3484516
3516244
3516260
3542316
3558220
3563956
3537316
3569836
3552940
3569172
3564344
3547516
3560008
3490584
3519208
3545660
3566760
3493084
3520780
3522956
3549300
3537612
3538380
3546424
3535184
3549044
3563360
3546592
3547104
3550408
3542968
3558072
3516184
3546932
3548680
3543008
3541664
3545196
3497496
3527856
3546752
3508620
3529840
3527996
3533348
3520656
3546832
3547684
3503324
3539364
3507204
3531540
3548252
3513140
3548784
3537208
3494572
3528792
3555332
3563596
3558048
3567752
3531592
3564336
3545044
3553100
3559232
3464604
3504452
3523880
3551840
3565356
3509892
3546368
3558644
3517524
3551584
3551108
3489416
3527304
3521144
3547576
3534116
3553592
3532244
3536400
3551444
3504216
3525972
3557248
3515624
3524364
3493616
3501560
3535068
3522404
3527116
3513768
3547932
3564680
3507404
3541604
3534320
3508492
3542728
3551728
3545556
3557920
3538464
3549408
3540628
3564144
3557868
3545868
3552360
3526616
3540860
3527248
3551784
3538416
3544256
3528528
3558412
3557980
3463408
3496424
3525548
3445104
3482788
3517668
3536992
3546284
3549660
3538084
3544036
3537384
3558912
3526536
3480928
3514652
3544160
3557304
3549616
3531824
3545732
3555064
3557032
3517380
3532324
3524920
3536588
3545392
3554000
3557500
3526332
3524492
3527584
3540512
3548836
3503792
3512568
3540452
3522096
3551164
3541888
3506168
3536164
3567048
3527832
3541056
3552752
3549152
3546408
3556984
3549996
3574412
3559796
3545824
3571128
3571636
3504344
3537108
3570532
3569708
3565156
3517584
3553848
3563756
3548056
3577628
3550684
3578400
3560148
3548664
3569348
3555272
3563232
3577152
3573960
3566512
3562824
3564684
3574696
3570584
3555048
3571596
3569704
3564344
3471204
3503868
3536516
3547880
3568928
3564088
3559268
3568304
3567492
3570708
3561448
3572680
3576624
3521084
3553224
3566048
3573680
3571260
3571404
3561148
3563128
3566588
3562580
3551652
3531256
3553936
3546920
3569208
3573524
3573304
3573040
3561240
3567040
3565884
3573540
3554828
3532328
3539128
3572312
3534520
3565552
3505320
3537348
3568988
3570792
3562104
3559140
3553448
3571316
3571356
3561620
3565344
3570928
3571940
3559580
3567140
3563752
3569696
3559256
3567888
3572936
3574332
3573780
3572224
3569828
3563560
3537064
3572560
3556244
3561252
3561996
3560676
3569244
3576136
3546848
3572276
3559632
3567608
3545940
3570132
3552500
3567900
3562848
3568196
3572696
3487632
3508820
3540668
3573328
3525200
3534804
3567372
3564776
3559324
3556024
3569084
3564528
3499096
3522900
3547956
3564208
3534940
3558640
3563072
3549344
3564972
3570000
3566324
3560660
3564068
3563452
3571192
3562916
3563836
3549404
3567536
3549860
3547424
3554448
3532672
3564312
3574564
3561032
3562584
3568360
3557312
3559476
3566552
3560292
3561020
3568736
3561504
3569748
3569864
3565536
3560840
3563724
3559108
3559708
3567340
3569484
3558580
3571396
3560748
3575972
3560856
3569180
3561064
3565020
3565540
3569784
3571732
3576468
3565524
3529012
3552568
3562252
3488336
3511628
3541720
3572460
3539904
3519980
3545024
3569304
3541684
3566704
3555836
3514532
3538172
3565044
3546288
3571928
3571680
3556204
3570316
3566932
3561528
3575032
3572512
3563828
3561832
3567180
3556716
3570284
3567672
3569928
3556512
3572048
3565076
3570112
3563712
3559396
3564288
3562680
3554432
3567148
3574460
3564460
3574644
3563748
3560716
3572480
3570512
3560612
3524144
3564404
3559560
3513968
3540760
3565748
3516864
3540560
3563796
3502284
3526744
3550584
3573924
3575880
3573664
3569556
3566292
3530588
3547704
3564592
3511020
3532148
3553404
3565272
3537184
3558324
3546228
3536952
3554192
3550372
3543120
3551004
3486184
3508956
3531916
3555580
3556596
3561168
3562292
3529080
3553220
3528952
3550616
3555968
3570876
3554952
3560016
3564132
3569992
3569752
3567116
3568244
3556432
3556572
3557608
3557952
3571620
3569240
3555376
3554528
3555724
3530624
3535640
3552276
3568892
3507204
3528416
3545160
3560916
3531980
3549000
3565752
3510556
3528556
3549524
3568132
3496420
3513184
3534952
3551548
3554576
3522148
3543888
3565692
3551564
3568248
3547824
3566604
3567512
3561584
3565900
3566728
3562596
3573724
3563708
3558944
3555268
3567328
3556060
3570296
3570316
3564612
3524696
3546240
3568836
3526212
3548400
3565176
3556932
3571876
3549780
3571888
3565680
3567612
3556832
3558836
3551920
3569120
3560144
3516632
3536676
3553340
3569608
3558060
3565664
3561056
3559460
3572336
3566568
3534504
3552468
3542996
3559648
3501472
3524168
3543572
3563708
3568748
3557420
3562016
3563092
3560904
3561640
3564852
3564424
3553200
3556668
3556804
3560156
3563320
3560888
3570152
3568796
3557728
3559372
3559420
3565116
3554852
3560512
3562024
3563168
3564940
3562044
3558884
3558868
3558864
3560332
3556888
3539104
3550576
3560344
3543520
3565880
3556188
3558680
3569684
3559940
3568392
3573824
3567324
3569308
3557424
3564108
3559988
3568020
3560320
3557140
3562984
3567732
3563028
3554268
3570264
3565184
3572720
3571792
3565868
3549872
3540532
3512704
3528768
3545020
3523340
3530240
3546120
3551252
3537768
3552544
3536632
3555212
3551636
3531436
3547728
3564112
3559764
3554628
3528792
3533956
3550312
3511628
3532500
3552348
3548152
3561700
3554052
3564000
3544740
3522836
3544340
3566560
3524160
3540932
3533904
3542692
3559172
3554304
3515116
3536740
3552084
3550720
3559860
3552072
3561376
3543720
3559992
3556408
3555188
3562668
3542388
3501004
3523756
3545956
3504452
3526524
3545256
3560788
3552880
3552112
3557156
3562756
3519372
3539592
3484760
3505912
3527628
3544248
3559356
3558868
3542896
3555952
3556920
3549280
3558248
3515476
3537276
3557828
3556976
3538396
3554900
3555452
3517952
3537448
3547320
3562684
3560012
3549152
3564936
3564484
3565192
3567320
3547840
3539676
3549920
3554812
3508372
3525128
3541612
3506968
3528040
3546752
3567148
3549252
3568184
3507172
3527892
3544388
3557108
3517100
3537644
3545548
3549660
3559032
3554736
3548876
3545304
3548964
3553368
3545748
3545428
3558400
3540136
3543636
3556608
3538436
3556176
3548888
3540896
3552392
3498072
3518920
3507716
3528304
3550008
3509380
3530812
3551724
3557352
3570576
3565528
3563488
3557776
3564688
3567836
3557224
3552736
3557788
3564220
3553932
3547112
3539520
3556404
3556164
3546320
3555144
3555892
3559896
3554556
3557028
3560316
3555816
3546444
3552168
3561632
3549116
3561436
3561820
3537256
3552816
3543800
3552460
3561064
3542128
3543412
3559852
3557244
3559832
3563744
3565612
3564872
3557636
3547196
3540848
3547020
3552880
3557944
3562216
3554404
3558416
3562248
3565488
3522172
