
7247404
7247404
7247404
7247404
7247404
7247404
7247404
7247404
7247404
7247404
7247404
7247668
7247668
7247668
7247668
7247668
7247668
7247668
7247668
7247668
7247668
7247668
7247668
7247668
7247668
7247668
7247668
7247668
7247668
7247668
7247668
7247668
7247668
7423932
7482480
7496960
7504576
7509744
7513828
7517556
7521092
7524724
7528076
7531152
7533976
7535640
7537176
7539740
7542688
7545512
7548200
7550632
7553324
7555768
7557944
7560500
7563064
7565504
7567680
7570116
7572164
7574348
7576660
7578968
7581144
7583196
7585372
7587424
7589344
7591396
7593444
7595492
7597544
7599592
7601648
7603692
7605748
7607672
7609724
7611644
7613568
7615360
7617416
7619464
7621384
7623180
7625096
7626892
7628684
7630476
7632268
7634060
7636108
7638156
7639948
7641868
7643668
7645460
7647380
7649172
7650964
7652756
7654548
7656340
7658132
7659924
7661588
7663384
7665048
7666712
7668512
7670048
7671968
7673640
7675432
7676968
7678764
7680428
7681968
7683628
7685292
7686956
7689008
7691060
7692852
7694516
7696184
7697856
7699776
7701312
7703104
7704772
7706440
7707980
7709516
7711308
7712716
7714384
7715920
7717456
7719260
7720924
7722592
7724128
7725668
7727204
7728740
7730276
7731936
7733472
7735264
7737064
7738860
7740652
7742188
7743724
7745516
7747052
7748844
7749356
7764436
