
7247468
7247468
7247468
7247468
7247468
7247468
7247468
7247468
7247468
7247468
7247468
7247468
7247468
7247468
7247468
7247468
7247468
7247468
7247468
7247468
7247468
7247468
7247468
7247468
7247468
7247468
7247468
7247468
7247468
7247468
7247468
7247468
7247468
7247468
7247468
7444796
7485696
7498024
7505140
7510200
7514100
7517832
7521352
7524980
7528076
7531284
7533976
7535640
7537176
7539740
7542560
7545508
7548068
7550500
7552932
7555636
7557940
7560244
7562804
7565116
7567420
7569728
7571904
7574088
7576528
7578708
7580756
7582808
7584984
7587036
7589084
7591008
7592928
7594976
7597028
7599208
7601132
7603180
7605228
7607156
7609076
7611000
7612924
7614844
7616900
7618820
7620740
7622536
7624328
7626248
7627912
7629704
7631496
7633288
7635204
7637384
7639176
7640968
7642892
7644688
7646480
7648272
7650192
7651984
7653904
7655568
7657360
7659280
7660944
7662608
7664404
7666068
7667608
7669532
7671200
7672992
7674660
7676324
7678120
7679784
7681324
7682860
7684520
7686056
7687976
7690028
7692080
7693744
7695408
7697080
7698876
7700668
7702204
7703868
7705540
7706948
7708744
7710408
7711944
7713484
7715020
7716684
7718228
7719896
7721564
7723232
7724768
7726304
7727840
7729504
7730908
7732444
7734108
7735900
7737700
7739496
7741288
7742824
7744488
7746152
7747688
7749352
7749352
